9 0.779126213592233 0.5533980582524272 0.10679611650485436 0.04854368932038835
9 0.7135922330097088 0.5509708737864077 0.055825242718446605 0.04854368932038835
9 0.6723300970873787 0.5388349514563107 0.05339805825242718 0.03640776699029126
13 0.6359223300970874 0.5266990291262136 0.08980582524271845 0.038834951456310676
13 0.5703883495145631 0.5145631067961165 0.050970873786407765 0.02669902912621359
9 0.5995145631067961 0.5218446601941747 0.04611650485436893 0.021844660194174758
9 0.24514563106796117 0.5800970873786407 0.14805825242718446 0.08737864077669903
9 0.11407766990291263 0.5849514563106796 0.1820388349514563 0.08737864077669903
9 0.014563106796116505 0.5728155339805825 0.02669902912621359 0.06310679611650485
9 0.055825242718446605 0.5388349514563107 0.10922330097087378 0.0412621359223301
9 0.1650485436893204 0.5388349514563107 0.07524271844660194 0.0412621359223301
9 0.26941747572815533 0.5315533980582524 0.055825242718446605 0.01699029126213592
9 0.33980582524271846 0.5436893203883495 0.06310679611650485 0.043689320388349516
9 0.4077669902912621 0.5436893203883495 0.050970873786407765 0.0412621359223301
9 0.20631067961165048 0.529126213592233 0.009708737864077669 0.021844660194174758
9 0.220873786407767 0.5121359223300971 0.03155339805825243 0.014563106796116505