10 0.7669902912621359 0.720873786407767 0.4174757281553398 0.25970873786407767
10 0.14805825242718446 0.5800970873786407 0.1796116504854369 0.09466019417475728
5 0.40048543689320387 0.5849514563106796 0.05825242718446602 0.09951456310679611
2 0.4223300970873786 0.5242718446601942 0.03155339805825243 0.02912621359223301
14 0.03398058252427184 0.6262135922330098 0.06796116504854369 0.16747572815533981
10 0.5 0.5509708737864077 0.043689320388349516 0.043689320388349516
10 0.25 0.5509708737864077 0.0825242718446602 0.05339805825242718
10 0.5509708737864077 0.5776699029126213 0.11407766990291263 0.09466019417475728
10 0.9757281553398058 0.8907766990291263 0.04854368932038835 0.21844660194174756
2 0.3907766990291262 0.5097087378640777 0.024271844660194174 0.021844660194174758
2 0.41262135922330095 0.5097087378640777 0.021844660194174758 0.01699029126213592