10 0.9029126213592233 0.8616504854368932 0.18689320388349515 0.27184466019417475
10 0.1941747572815534 0.6723300970873787 0.27184466019417475 0.20631067961165048
14 0.32281553398058255 0.5679611650485437 0.1262135922330097 0.09223300970873786
10 0.6966019417475728 0.6359223300970874 0.23058252427184467 0.16990291262135923
10 0.5315533980582524 0.5412621359223301 0.055825242718446605 0.04611650485436893
10 0.038834951456310676 0.912621359223301 0.07524271844660194 0.16747572815533981
10 0.49029126213592233 0.5242718446601942 0.019417475728155338 0.024271844660194174
10 0.40048543689320387 0.5364077669902912 0.02912621359223301 0.03640776699029126
10 0.4077669902912621 0.5266990291262136 0.02669902912621359 0.02669902912621359
10 0.38349514563106796 0.5436893203883495 0.03155339805825243 0.04611650485436893
10 0.5776699029126213 0.5679611650485437 0.08737864077669903 0.07766990291262135
10 0.5097087378640777 0.5339805825242718 0.02912621359223301 0.03398058252427184