10 0.720873786407767 0.837378640776699 0.5509708737864077 0.32524271844660196
10 0.3446601941747573 0.6650485436893204 0.21601941747572814 0.16990291262135923
10 0.23786407766990292 0.5898058252427184 0.11165048543689321 0.09466019417475728
10 0.19174757281553398 0.558252427184466 0.0703883495145631 0.055825242718446605
10 0.16262135922330098 0.5388349514563107 0.04854368932038835 0.04854368932038835
10 0.014563106796116505 0.5194174757281553 0.02669902912621359 0.03398058252427184
10 0.0024271844660194173 0.5388349514563107 0.0048543689320388345 0.021844660194174758
10 0.14805825242718446 0.5315533980582524 0.0412621359223301 0.0412621359223301
10 0.13106796116504854 0.5194174757281553 0.03398058252427184 0.02669902912621359
10 0.02669902912621359 0.5145631067961165 0.024271844660194174 0.019417475728155338
10 0.11407766990291263 0.5097087378640777 0.019417475728155338 0.021844660194174758