10 0.5242718446601942 0.6116504854368932 0.15048543689320387 0.12378640776699029
9 0.8810679611650486 0.5946601941747572 0.12864077669902912 0.10436893203883495
10 0.21844660194174756 0.5606796116504854 0.07281553398058252 0.06553398058252427
10 0.41262135922330095 0.5436893203883495 0.05825242718446602 0.043689320388349516
14 0.2669902912621359 0.5339805825242718 0.0412621359223301 0.043689320388349516
10 0.36893203883495146 0.5242718446601942 0.02912621359223301 0.02912621359223301
10 0.05825242718446602 0.7524271844660194 0.11650485436893204 0.24029126213592233
10 0.2961165048543689 0.5242718446601942 0.03155339805825243 0.02669902912621359
9 0.055825242718446605 0.5509708737864077 0.11165048543689321 0.04854368932038835
9 0.12378640776699029 0.5339805825242718 0.0825242718446602 0.0412621359223301
9 0.4975728155339806 0.5194174757281553 0.06796116504854369 0.01699029126213592