16 0.7888349514563107 0.6116504854368932 0.1553398058252427 0.09223300970873786
16 0.33980582524271846 0.8325242718446602 0.16019417475728157 0.25
16 0.441747572815534 0.7742718446601942 0.18446601941747573 0.24029126213592233
16 0.529126213592233 0.7378640776699029 0.16262135922330098 0.1966019417475728
16 0.5946601941747572 0.6868932038834952 0.12864077669902912 0.14805825242718446
16 0.6383495145631068 0.7014563106796117 0.11165048543689321 0.10922330097087378
16 0.6674757281553398 0.6650485436893204 0.11407766990291263 0.10679611650485436
16 0.7378640776699029 0.6310679611650486 0.15776699029126215 0.10679611650485436
16 0.7038834951456311 0.6456310679611651 0.11650485436893204 0.12378640776699029
16 0.8495145631067961 0.5922330097087378 0.10436893203883495 0.05339805825242718
16 0.8325242718446602 0.5970873786407767 0.10922330097087378 0.06067961165048544