10 0.8300970873786407 0.8325242718446602 0.33737864077669905 0.3325242718446602
10 0.529126213592233 0.5800970873786407 0.11165048543689321 0.07281553398058252
9 0.8519417475728155 0.6092233009708737 0.09951456310679611 0.08737864077669903
9 0.8058252427184466 0.5898058252427184 0.11650485436893204 0.05825242718446602
9 0.6189320388349514 0.5533980582524272 0.08495145631067962 0.043689320388349516
9 0.558252427184466 0.5388349514563107 0.0412621359223301 0.021844660194174758
10 0.4393203883495146 0.5388349514563107 0.043689320388349516 0.03398058252427184
14 0.40048543689320387 0.5266990291262136 0.03155339805825243 0.02669902912621359
10 0.3470873786407767 0.5315533980582524 0.02669902912621359 0.024271844660194174
9 0.1650485436893204 0.5631067961165048 0.14320388349514562 0.06796116504854369
9 0.279126213592233 0.5266990291262136 0.055825242718446605 0.024271844660194174
10 0.3276699029126214 0.5242718446601942 0.024271844660194174 0.01699029126213592