10 0.8058252427184466 0.8009708737864077 0.38349514563106796 0.3907766990291262
2 0.28640776699029125 0.5097087378640777 0.03398058252427184 0.021844660194174758
1 0.14805825242718446 0.4975728155339806 0.08009708737864078 0.07281553398058252
16 0.15776699029126215 0.558252427184466 0.038834951456310676 0.04611650485436893
10 0.1941747572815534 0.5339805825242718 0.07281553398058252 0.050970873786407765
2 0.33495145631067963 0.5242718446601942 0.03398058252427184 0.02912621359223301
10 0.5776699029126213 0.6310679611650486 0.16262135922330098 0.14320388349514562
1 0.03398058252427184 0.5097087378640777 0.06553398058252427 0.1529126213592233
16 0.04854368932038835 0.5800970873786407 0.08737864077669903 0.06310679611650485
16 0.03398058252427184 0.587378640776699 0.06553398058252427 0.07281553398058252
16 0.11165048543689321 0.5655339805825242 0.08009708737864078 0.055825242718446605
2 0.13349514563106796 0.5315533980582524 0.055825242718446605 0.03398058252427184
2 0.10436893203883495 0.5145631067961165 0.024271844660194174 0.021844660194174758
2 0.22330097087378642 0.5242718446601942 0.04854368932038835 0.0412621359223301
2 0.3567961165048544 0.5121359223300971 0.02669902912621359 0.021844660194174758
10 0.4077669902912621 0.5242718446601942 0.03398058252427184 0.02669902912621359