10 0.3567961165048544 0.7597087378640777 0.41019417475728154 0.3276699029126214
10 0.6213592233009708 0.616504854368932 0.15048543689320387 0.11407766990291263
10 0.9635922330097088 0.5800970873786407 0.06796116504854369 0.07524271844660194
10 0.7742718446601942 0.5339805825242718 0.04611650485436893 0.03398058252427184
10 0.9053398058252428 0.5388349514563107 0.038834951456310676 0.03640776699029126
10 0.6990291262135923 0.5752427184466019 0.09466019417475728 0.07281553398058252
10 0.7427184466019418 0.558252427184466 0.055825242718446605 0.055825242718446605
10 0.9781553398058253 0.6383495145631068 0.0412621359223301 0.11893203883495146
2 0.8446601941747572 0.5242718446601942 0.03640776699029126 0.02669902912621359
10 0.9247572815533981 0.5558252427184466 0.038834951456310676 0.04611650485436893
10 0.7985436893203883 0.5266990291262136 0.02669902912621359 0.024271844660194174