2 0.7475728155339806 0.6990291262135923 0.4053398058252427 0.2669902912621359
4 0.15776699029126215 0.5898058252427184 0.12864077669902912 0.11165048543689321
2 0.8762135922330098 0.529126213592233 0.02912621359223301 0.021844660194174758
2 0.39805825242718446 0.5776699029126213 0.13592233009708737 0.08980582524271845
2 0.07281553398058252 0.5485436893203883 0.07281553398058252 0.055825242718446605
3 0.02669902912621359 0.5169902912621359 0.050970873786407765 0.08009708737864078
2 0.5194174757281553 0.5315533980582524 0.050970873786407765 0.02669902912621359
3 0.6067961165048543 0.5242718446601942 0.13349514563106796 0.05825242718446602
2 0.6966019417475728 0.5315533980582524 0.03398058252427184 0.019417475728155338
2 0.8033980582524272 0.5315533980582524 0.03398058252427184 0.021844660194174758
2 0.9247572815533981 0.5315533980582524 0.009708737864077669 0.014563106796116505
2 0.3592233009708738 0.9150485436893204 0.691747572815534 0.16747572815533981
2 0.10679611650485436 0.5194174757281553 0.0825242718446602 0.02669902912621359