10 0.7524271844660194 0.8276699029126213 0.47572815533980584 0.3446601941747573
10 0.08009708737864078 0.7378640776699029 0.16019417475728157 0.20145631067961164
10 0.14563106796116504 0.6262135922330098 0.16019417475728157 0.09223300970873786
10 0.36650485436893204 0.558252427184466 0.04854368932038835 0.038834951456310676
10 0.22572815533980584 0.5655339805825242 0.06796116504854369 0.043689320388349516
14 0.3567961165048544 0.5412621359223301 0.04854368932038835 0.038834951456310676
10 0.24514563106796117 0.5461165048543689 0.03398058252427184 0.03155339805825243
14 0.32281553398058255 0.5194174757281553 0.01699029126213592 0.024271844660194174
10 0.3276699029126214 0.5242718446601942 0.012135922330097087 0.01699029126213592
10 0.25728155339805825 0.5388349514563107 0.02669902912621359 0.02669902912621359
10 0.2669902912621359 0.5266990291262136 0.019417475728155338 0.019417475728155338