10 0.8300970873786407 0.8228155339805825 0.3300970873786408 0.34951456310679613
10 0.05825242718446602 0.633495145631068 0.11650485436893204 0.1529126213592233
10 0.4199029126213592 0.5339805825242718 0.04611650485436893 0.0412621359223301
10 0.48058252427184467 0.5800970873786407 0.11165048543689321 0.09223300970873786
10 0.22330097087378642 0.5388349514563107 0.05825242718446602 0.04854368932038835
10 0.3106796116504854 0.5048543689320388 0.014563106796116505 0.012135922330097087
10 0.5898058252427184 0.662621359223301 0.26941747572815533 0.18446601941747573
9 0.7766990291262136 0.5679611650485437 0.1650485436893204 0.08495145631067962
13 0.5970873786407767 0.5266990291262136 0.18932038834951456 0.08495145631067962
10 0.14805825242718446 0.5752427184466019 0.12378640776699029 0.08495145631067962
10 0.25970873786407767 0.5266990291262136 0.05825242718446602 0.043689320388349516
10 0.3883495145631068 0.5145631067961165 0.02912621359223301 0.02669902912621359
14 0.279126213592233 0.5097087378640777 0.0412621359223301 0.03640776699029126