10 0.22572815533980584 0.5898058252427184 0.1407766990291262 0.08737864077669903
2 0.9684466019417476 0.587378640776699 0.05825242718446602 0.04611650485436893
2 0.6140776699029126 0.5436893203883495 0.07524271844660194 0.03155339805825243
2 0.5145631067961165 0.5485436893203883 0.08737864077669903 0.02912621359223301
2 0.7936893203883495 0.5655339805825242 0.07281553398058252 0.0412621359223301
10 0.007281553398058253 0.5121359223300971 0.012135922330097087 0.019417475728155338
10 0.09223300970873786 0.5339805825242718 0.043689320388349516 0.038834951456310676
9 0.8276699029126213 0.5242718446601942 0.043689320388349516 0.021844660194174758
9 0.9902912621359223 0.5266990291262136 0.019417475728155338 0.024271844660194174
10 0.1650485436893204 0.5631067961165048 0.06796116504854369 0.05339805825242718
10 0.11165048543689321 0.5436893203883495 0.05825242718446602 0.03640776699029126
10 0.06067961165048544 0.5169902912621359 0.02912621359223301 0.021844660194174758
4 0.35194174757281554 0.5218446601941747 0.05339805825242718 0.02912621359223301
9 0.5946601941747572 0.5169902912621359 0.02912621359223301 0.019417475728155338