10 0.7402912621359223 0.7815533980582524 0.4854368932038835 0.3446601941747573
10 0.04611650485436893 0.7184466019417476 0.09223300970873786 0.22330097087378642
10 0.44660194174757284 0.6189320388349514 0.13349514563106796 0.12378640776699029
10 0.2936893203883495 0.5412621359223301 0.024271844660194174 0.03398058252427184
10 0.29854368932038833 0.5485436893203883 0.02669902912621359 0.02912621359223301
10 0.0703883495145631 0.6140776699029126 0.1383495145631068 0.08980582524271845
10 0.12135922330097088 0.5776699029126213 0.0703883495145631 0.055825242718446605
12 0.35194174757281554 0.5388349514563107 0.08980582524271845 0.10436893203883495
10 0.15048543689320387 0.5533980582524272 0.06310679611650485 0.050970873786407765
10 0.1796116504854369 0.5412621359223301 0.03155339805825243 0.03155339805825243
10 0.2815533980582524 0.5315533980582524 0.02912621359223301 0.02912621359223301