10 0.8131067961165048 0.866504854368932 0.36650485436893204 0.25970873786407767
10 0.5970873786407767 0.6820388349514563 0.2645631067961165 0.20631067961165048
10 0.1262135922330097 0.6456310679611651 0.25 0.15048543689320387
10 0.45145631067961167 0.5558252427184466 0.0703883495145631 0.055825242718446605
10 0.04611650485436893 0.8106796116504854 0.09223300970873786 0.19902912621359223
10 0.25728155339805825 0.5703883495145631 0.09223300970873786 0.06310679611650485
10 0.2912621359223301 0.5461165048543689 0.055825242718446605 0.04611650485436893
2 0.36893203883495146 0.5194174757281553 0.02669902912621359 0.019417475728155338
10 0.33737864077669905 0.5218446601941747 0.024271844660194174 0.021844660194174758
10 0.3155339805825243 0.5315533980582524 0.04611650485436893 0.03155339805825243
10 0.4320388349514563 0.5412621359223301 0.038834951456310676 0.038834951456310676
10 0.4077669902912621 0.5266990291262136 0.03398058252427184 0.024271844660194174