10 0.42475728155339804 0.6674757281553398 0.2645631067961165 0.16262135922330098
2 0.912621359223301 0.6941747572815534 0.16747572815533981 0.2766990291262136
2 0.2766990291262136 0.5703883495145631 0.0970873786407767 0.07281553398058252
10 0.21601941747572814 0.5364077669902912 0.05825242718446602 0.050970873786407765
10 0.5315533980582524 0.5752427184466019 0.13349514563106796 0.06553398058252427
9 0.5024271844660194 0.5266990291262136 0.05825242718446602 0.02669902912621359
2 0.32281553398058255 0.5412621359223301 0.06067961165048544 0.0412621359223301
5 0.12378640776699029 0.5169902912621359 0.014563106796116505 0.02912621359223301
4 0.1262135922330097 0.5048543689320388 0.021844660194174758 0.024271844660194174
10 0.23058252427184467 0.5533980582524272 0.055825242718446605 0.04611650485436893
10 0.25970873786407767 0.5169902912621359 0.02669902912621359 0.01699029126213592
10 0.1796116504854369 0.5194174757281553 0.03640776699029126 0.03155339805825243