10 0.47572815533980584 0.5558252427184466 0.09223300970873786 0.07766990291262135
9 0.17233009708737865 0.5461165048543689 0.08980582524271845 0.038834951456310676
10 0.3762135922330097 0.5169902912621359 0.019417475728155338 0.01699029126213592
10 0.3883495145631068 0.5194174757281553 0.02912621359223301 0.021844660194174758
10 0.4029126213592233 0.5242718446601942 0.038834951456310676 0.024271844660194174
10 0.8203883495145631 0.779126213592233 0.35194174757281554 0.42475728155339804
13 0.24029126213592233 0.5242718446601942 0.07766990291262135 0.03155339805825243
9 0.27184466019417475 0.5218446601941747 0.043689320388349516 0.024271844660194174
12 0.3058252427184466 0.5097087378640777 0.02912621359223301 0.02669902912621359
9 0.6213592233009708 0.5533980582524272 0.11407766990291263 0.06310679611650485
12 0.34951456310679613 0.5024271844660194 0.021844660194174758 0.01699029126213592