2 0.11407766990291263 0.5242718446601942 0.0412621359223301 0.04611650485436893
14 0.1407766990291262 0.4975728155339806 0.04854368932038835 0.0412621359223301
10 0.7063106796116505 0.5922330097087378 0.21601941747572814 0.10922330097087378
10 0.9271844660194175 0.6674757281553398 0.1407766990291262 0.16990291262135923
10 0.45145631067961167 0.5364077669902912 0.07524271844660194 0.04611650485436893
10 0.3131067961165049 0.5024271844660194 0.02669902912621359 0.03155339805825243
10 0.3446601941747573 0.5097087378640777 0.0412621359223301 0.019417475728155338
2 0.2111650485436893 0.5218446601941747 0.04854368932038835 0.043689320388349516
16 0.5752427184466019 0.5631067961165048 0.06796116504854369 0.06310679611650485
14 0.05825242718446602 0.5412621359223301 0.10922330097087378 0.06553398058252427
10 0.17233009708737865 0.49514563106796117 0.021844660194174758 0.021844660194174758
2 0.20631067961165048 0.5024271844660194 0.04611650485436893 0.02669902912621359
3 0.20388349514563106 0.4854368932038835 0.02669902912621359 0.03398058252427184
8 0.2621359223300971 0.4854368932038835 0.04611650485436893 0.043689320388349516
10 0.3640776699029126 0.5169902912621359 0.03640776699029126 0.03398058252427184
10 0.39563106796116504 0.5242718446601942 0.04611650485436893 0.0412621359223301