10 0.1966019417475728 0.8543689320388349 0.3907766990291262 0.28640776699029125
10 0.5849514563106796 0.5485436893203883 0.14320388349514562 0.11893203883495146
10 0.9150485436893204 0.5606796116504854 0.16019417475728157 0.10679611650485436
10 0.8106796116504854 0.5024271844660194 0.050970873786407765 0.03155339805825243
10 0.6553398058252428 0.5169902912621359 0.021844660194174758 0.05339805825242718
10 0.662621359223301 0.5 0.038834951456310676 0.04854368932038835
10 0.6771844660194175 0.48058252427184467 0.019417475728155338 0.024271844660194174
9 0.3058252427184466 0.5728155339805825 0.08737864077669903 0.10679611650485436
10 0.9684466019417476 0.6359223300970874 0.06310679611650485 0.15048543689320387
10 0.8567961165048543 0.5194174757281553 0.09223300970873786 0.06310679611650485
10 0.7864077669902912 0.49029126213592233 0.043689320388349516 0.03640776699029126
14 0.7572815533980582 0.47572815533980584 0.03155339805825243 0.02669902912621359
10 0.7718446601941747 0.4830097087378641 0.02912621359223301 0.02669902912621359