10 0.24757281553398058 0.8349514563106796 0.49271844660194175 0.32524271844660196
10 0.9611650485436893 0.6189320388349514 0.0703883495145631 0.11165048543689321
10 0.6359223300970874 0.6019417475728155 0.12135922330097088 0.08980582524271845
10 0.8567961165048543 0.5339805825242718 0.038834951456310676 0.02669902912621359
10 0.7233009708737864 0.5509708737864077 0.04854368932038835 0.03640776699029126
10 0.9077669902912622 0.558252427184466 0.07524271844660194 0.05339805825242718
10 0.6941747572815534 0.5703883495145631 0.07281553398058252 0.05825242718446602
10 0.8713592233009708 0.5509708737864077 0.02912621359223301 0.0412621359223301
10 0.7354368932038835 0.5388349514563107 0.02669902912621359 0.02912621359223301
10 0.7475728155339806 0.5364077669902912 0.02669902912621359 0.024271844660194174
10 0.7694174757281553 0.5218446601941747 0.019417475728155338 0.01699029126213592
10 0.837378640776699 0.5266990291262136 0.021844660194174758 0.01699029126213592
10 0.8325242718446602 0.5194174757281553 0.014563106796116505 0.012135922330097087