4 0.21601941747572814 0.5266990291262136 0.055825242718446605 0.05339805825242718
2 0.6067961165048543 0.5752427184466019 0.17718446601941748 0.0970873786407767
9 0.05339805825242718 0.5339805825242718 0.09466019417475728 0.03640776699029126
4 0.8689320388349514 0.5946601941747572 0.25728155339805825 0.1407766990291262
2 0.4830097087378641 0.5315533980582524 0.03155339805825243 0.03640776699029126
2 0.6456310679611651 0.5509708737864077 0.1383495145631068 0.06796116504854369
2 0.529126213592233 0.5339805825242718 0.06310679611650485 0.04611650485436893
2 0.7063106796116505 0.5461165048543689 0.08495145631067962 0.06067961165048544
5 0.2936893203883495 0.5509708737864077 0.03155339805825243 0.06310679611650485
2 0.3131067961165049 0.5266990291262136 0.02912621359223301 0.019417475728155338
4 0.36893203883495146 0.5194174757281553 0.024271844660194174 0.019417475728155338
2 0.39805825242718446 0.5218446601941747 0.019417475728155338 0.01699029126213592
2 0.4223300970873786 0.5218446601941747 0.024271844660194174 0.024271844660194174
2 0.44660194174757284 0.5266990291262136 0.038834951456310676 0.02669902912621359
9 0.021844660194174758 0.5509708737864077 0.0412621359223301 0.043689320388349516
3 0.2645631067961165 0.5169902912621359 0.03155339805825243 0.043689320388349516