10 0.7985436893203883 0.6796116504854369 0.29854368932038833 0.23058252427184467
10 0.3300970873786408 0.5922330097087378 0.1553398058252427 0.12864077669902912
10 0.5752427184466019 0.5242718446601942 0.043689320388349516 0.03640776699029126
9 0.6966019417475728 0.5266990291262136 0.04611650485436893 0.03398058252427184
10 0.4199029126213592 0.5558252427184466 0.06796116504854369 0.06310679611650485
10 0.4563106796116505 0.5218446601941747 0.03155339805825243 0.02669902912621359
10 0.6359223300970874 0.5800970873786407 0.09223300970873786 0.08495145631067962
9 0.616504854368932 0.5145631067961165 0.024271844660194174 0.014563106796116505
13 0.6480582524271845 0.5169902912621359 0.05339805825242718 0.02669902912621359
9 0.42475728155339804 0.5072815533980582 0.0412621359223301 0.024271844660194174
10 0.47572815533980584 0.5072815533980582 0.03155339805825243 0.024271844660194174
10 0.5024271844660194 0.5 0.01699029126213592 0.012135922330097087
10 0.5558252427184466 0.5097087378640777 0.024271844660194174 0.019417475728155338