10 0.7305825242718447 0.587378640776699 0.11165048543689321 0.07524271844660194
10 0.16262135922330098 0.5509708737864077 0.10436893203883495 0.04611650485436893
10 0.0825242718446602 0.5388349514563107 0.06310679611650485 0.0412621359223301
10 0.6067961165048543 0.5485436893203883 0.08737864077669903 0.038834951456310676
10 0.5364077669902912 0.5631067961165048 0.09466019417475728 0.055825242718446605
10 0.7742718446601942 0.5631067961165048 0.055825242718446605 0.05339805825242718
10 0.7936893203883495 0.5509708737864077 0.04854368932038835 0.04611650485436893
10 0.6504854368932039 0.5412621359223301 0.06067961165048544 0.03398058252427184
10 0.6893203883495146 0.5339805825242718 0.0412621359223301 0.02912621359223301
10 0.7111650485436893 0.5315533980582524 0.03398058252427184 0.024271844660194174
10 0.7305825242718447 0.5266990291262136 0.02912621359223301 0.019417475728155338
10 0.03155339805825243 0.529126213592233 0.055825242718446605 0.03155339805825243