9 0.22572815533980584 0.5364077669902912 0.055825242718446605 0.03398058252427184
9 0.15776699029126215 0.5315533980582524 0.03398058252427184 0.01699029126213592
9 0.11407766990291263 0.5461165048543689 0.07281553398058252 0.03398058252427184
9 0.02912621359223301 0.5509708737864077 0.055825242718446605 0.03398058252427184
2 0.9296116504854369 0.5145631067961165 0.024271844660194174 0.01699029126213592
2 0.9587378640776699 0.5194174757281553 0.03155339805825243 0.01699029126213592
9 0.021844660194174758 0.5242718446601942 0.03640776699029126 0.019417475728155338
9 0.3155339805825243 0.5364077669902912 0.043689320388349516 0.02669902912621359
9 0.3592233009708738 0.5339805825242718 0.038834951456310676 0.02669902912621359
9 0.39563106796116504 0.5315533980582524 0.03640776699029126 0.019417475728155338
9 0.42718446601941745 0.5315533980582524 0.038834951456310676 0.024271844660194174
9 0.25485436893203883 0.5315533980582524 0.02669902912621359 0.024271844660194174
9 0.28883495145631066 0.5266990291262136 0.03155339805825243 0.024271844660194174
9 0.18932038834951456 0.5266990291262136 0.024271844660194174 0.02669902912621359
9 0.06067961165048544 0.5242718446601942 0.02912621359223301 0.019417475728155338
9 0.09466019417475728 0.5242718446601942 0.024271844660194174 0.01699029126213592
4 0.8980582524271845 0.5072815533980582 0.02912621359223301 0.01699029126213592