9 0.40048543689320387 0.8131067961165048 0.4441747572815534 0.3713592233009709
9 0.6310679611650486 0.6383495145631068 0.1966019417475728 0.13592233009708737
9 0.7160194174757282 0.5776699029126213 0.10194174757281553 0.07524271844660194
9 0.7548543689320388 0.5436893203883495 0.07766990291262135 0.06310679611650485
0 0.8349514563106796 0.5169902912621359 0.019417475728155338 0.04854368932038835
9 0.9902912621359223 0.558252427184466 0.01699029126213592 0.06067961165048544
9 0.9635922330097088 0.5412621359223301 0.05339805825242718 0.05825242718446602
9 0.7936893203883495 0.5218446601941747 0.04611650485436893 0.038834951456310676
9 0.9296116504854369 0.5194174757281553 0.03398058252427184 0.03398058252427184
9 0.9344660194174758 0.5266990291262136 0.024271844660194174 0.0412621359223301
9 0.8567961165048543 0.5 0.019417475728155338 0.014563106796116505