9 0.5388349514563107 0.6577669902912622 0.20145631067961164 0.16262135922330098
9 0.8009708737864077 0.8106796116504854 0.39805825242718446 0.3786407766990291
9 0.4077669902912621 0.5655339805825242 0.08009708737864078 0.05825242718446602
9 0.220873786407767 0.5461165048543689 0.05339805825242718 0.03640776699029126
9 0.35436893203883496 0.5266990291262136 0.02912621359223301 0.02669902912621359
9 0.3640776699029126 0.5339805825242718 0.043689320388349516 0.02912621359223301
8 0.6237864077669902 0.5169902912621359 0.0412621359223301 0.01699029126213592
8 0.5218446601941747 0.5121359223300971 0.0412621359223301 0.019417475728155338
8 0.5655339805825242 0.5145631067961165 0.03155339805825243 0.021844660194174758
9 0.24271844660194175 0.5339805825242718 0.03155339805825243 0.02912621359223301
9 0.33737864077669905 0.5218446601941747 0.01699029126213592 0.021844660194174758