10 0.7839805825242718 0.8179611650485437 0.42718446601941745 0.3567961165048544
10 0.08009708737864078 0.6043689320388349 0.1529126213592233 0.10436893203883495
10 0.38349514563106796 0.5533980582524272 0.06796116504854369 0.05825242718446602
16 0.4975728155339806 0.6310679611650486 0.11893203883495146 0.08980582524271845
10 0.20631067961165048 0.5315533980582524 0.043689320388349516 0.03398058252427184
16 0.587378640776699 0.6941747572815534 0.14320388349514562 0.12864077669902912
10 0.04611650485436893 0.6893203883495146 0.08980582524271845 0.20145631067961164
10 0.17475728155339806 0.5509708737864077 0.08009708737864078 0.04854368932038835
10 0.4393203883495146 0.5898058252427184 0.0970873786407767 0.09223300970873786
10 0.35194174757281554 0.5388349514563107 0.03640776699029126 0.038834951456310676
14 0.22815533980582525 0.5145631067961165 0.038834951456310676 0.043689320388349516
4 0.2961165048543689 0.5121359223300971 0.043689320388349516 0.02669902912621359
14 0.5048543689320388 0.5145631067961165 0.02669902912621359 0.024271844660194174
10 0.33495145631067963 0.5339805825242718 0.01699029126213592 0.03155339805825243
10 0.3300970873786408 0.5242718446601942 0.02669902912621359 0.02912621359223301
10 0.4587378640776699 0.5145631067961165 0.03640776699029126 0.01699029126213592