14 0.0412621359223301 0.5121359223300971 0.03640776699029126 0.024271844660194174
10 0.012135922330097087 0.5072815533980582 0.024271844660194174 0.019417475728155338
10 0.06067961165048544 0.5169902912621359 0.03155339805825243 0.024271844660194174
10 0.07766990291262135 0.5218446601941747 0.02669902912621359 0.024271844660194174
10 0.24029126213592233 0.5266990291262136 0.09951456310679611 0.03640776699029126
10 0.33980582524271846 0.5194174757281553 0.06310679611650485 0.03398058252427184
10 0.4199029126213592 0.5121359223300971 0.08009708737864078 0.03398058252427184
10 0.5800970873786407 0.5072815533980582 0.02912621359223301 0.024271844660194174
9 0.866504854368932 0.4975728155339806 0.09466019417475728 0.024271844660194174
9 0.7427184466019418 0.49271844660194175 0.038834951456310676 0.019417475728155338
9 0.7888349514563107 0.5 0.06067961165048544 0.03398058252427184