10 0.09466019417475728 0.6941747572815534 0.18932038834951456 0.18689320388349515
16 0.9441747572815534 0.662621359223301 0.11165048543689321 0.11893203883495146
16 0.8349514563106796 0.6359223300970874 0.11893203883495146 0.09223300970873786
16 0.7815533980582524 0.6116504854368932 0.10679611650485436 0.07766990291262135
16 0.7257281553398058 0.5995145631067961 0.08980582524271845 0.06310679611650485
2 0.8883495145631068 0.5849514563106796 0.22330097087378642 0.0970873786407767
10 0.7888349514563107 0.5485436893203883 0.07281553398058252 0.03640776699029126
10 0.9368932038834952 0.5509708737864077 0.1262135922330097 0.0412621359223301
2 0.6674757281553398 0.5436893203883495 0.09951456310679611 0.038834951456310676
16 0.6699029126213593 0.5849514563106796 0.06553398058252427 0.04854368932038835
16 0.6262135922330098 0.5776699029126213 0.06796116504854369 0.043689320388349516
16 0.5825242718446602 0.5631067961165048 0.05825242718446602 0.0412621359223301
16 0.5461165048543689 0.5509708737864077 0.043689320388349516 0.038834951456310676
16 0.46359223300970875 0.5339805825242718 0.021844660194174758 0.03155339805825243
4 0.5800970873786407 0.5315533980582524 0.06067961165048544 0.02912621359223301