14 0.1553398058252427 0.5533980582524272 0.18689320388349515 0.10436893203883495
2 0.4053398058252427 0.5436893203883495 0.06067961165048544 0.04854368932038835
10 0.5339805825242718 0.5679611650485437 0.0970873786407767 0.08980582524271845
10 0.03155339805825243 0.6286407766990292 0.06067961165048544 0.11165048543689321
10 0.2815533980582524 0.5242718446601942 0.05825242718446602 0.03398058252427184
10 0.46116504854368934 0.5194174757281553 0.03155339805825243 0.02912621359223301
10 0.25485436893203883 0.5388349514563107 0.04854368932038835 0.050970873786407765
10 0.4878640776699029 0.5364077669902912 0.055825242718446605 0.05339805825242718
14 0.44660194174757284 0.5048543689320388 0.02912621359223301 0.03155339805825243
10 0.3592233009708738 0.5048543689320388 0.019417475728155338 0.01699029126213592
2 0.3883495145631068 0.5024271844660194 0.01699029126213592 0.019417475728155338