2 0.2524271844660194 0.5898058252427184 0.09951456310679611 0.07524271844660194
2 0.1796116504854369 0.5558252427184466 0.0703883495145631 0.043689320388349516
4 0.09951456310679611 0.5558252427184466 0.09223300970873786 0.05339805825242718
2 0.019417475728155338 0.5922330097087378 0.03640776699029126 0.0703883495145631
2 0.2621359223300971 0.529126213592233 0.02912621359223301 0.024271844660194174
10 0.019417475728155338 0.5606796116504854 0.038834951456310676 0.03398058252427184
10 0.050970873786407765 0.5485436893203883 0.04854368932038835 0.03640776699029126
4 0.15776699029126215 0.5388349514563107 0.03640776699029126 0.03155339805825243
4 0.16262135922330098 0.5218446601941747 0.02669902912621359 0.02669902912621359
2 0.18932038834951456 0.529126213592233 0.03155339805825243 0.014563106796116505
10 0.1796116504854369 0.5145631067961165 0.024271844660194174 0.014563106796116505
4 0.2111650485436893 0.5169902912621359 0.019417475728155338 0.01699029126213592
2 0.2087378640776699 0.5242718446601942 0.021844660194174758 0.014563106796116505
3 0.22330097087378642 0.5097087378640777 0.019417475728155338 0.019417475728155338
2 0.2524271844660194 0.5194174757281553 0.024271844660194174 0.019417475728155338
3 0.25 0.5024271844660194 0.021844660194174758 0.024271844660194174
10 0.12378640776699029 0.5242718446601942 0.02912621359223301 0.019417475728155338
10 0.29854368932038833 0.5145631067961165 0.019417475728155338 0.009708737864077669