10 0.8640776699029126 0.8179611650485437 0.2669902912621359 0.3567961165048544
10 0.12135922330097088 0.8179611650485437 0.24029126213592233 0.3567961165048544
10 0.3058252427184466 0.5800970873786407 0.05339805825242718 0.05339805825242718
10 0.5533980582524272 0.5922330097087378 0.08009708737864078 0.05825242718446602
10 0.3300970873786408 0.5703883495145631 0.050970873786407765 0.0412621359223301
10 0.34951456310679613 0.5485436893203883 0.03155339805825243 0.02912621359223301
10 0.47815533980582525 0.5533980582524272 0.0412621359223301 0.03155339805825243
10 0.6262135922330098 0.633495145631068 0.1407766990291262 0.10922330097087378
10 0.24271844660194175 0.6237864077669902 0.11893203883495146 0.08737864077669903
10 0.5145631067961165 0.5703883495145631 0.06310679611650485 0.04854368932038835
2 0.40048543689320387 0.5194174757281553 0.021844660194174758 0.019417475728155338