10 0.2669902912621359 0.7985436893203883 0.5315533980582524 0.4029126213592233
10 0.6601941747572816 0.5776699029126213 0.07766990291262135 0.05825242718446602
10 0.883495145631068 0.5703883495145631 0.09466019417475728 0.06067961165048544
10 0.9296116504854369 0.6480582524271845 0.13349514563106796 0.13106796116504854
0 0.7354368932038835 0.5679611650485437 0.03398058252427184 0.06796116504854369
10 0.691747572815534 0.5509708737864077 0.06067961165048544 0.04611650485436893
10 0.7427184466019418 0.5266990291262136 0.03155339805825243 0.024271844660194174
10 0.7766990291262136 0.5169902912621359 0.038834951456310676 0.021844660194174758
9 0.3883495145631068 0.5679611650485437 0.11893203883495146 0.06796116504854369
10 0.8543689320388349 0.5364077669902912 0.04854368932038835 0.0412621359223301
14 0.8252427184466019 0.5024271844660194 0.024271844660194174 0.03155339805825243