2 0.07766990291262135 0.5776699029126213 0.1529126213592233 0.06796116504854369
2 0.5364077669902912 0.5266990291262136 0.06796116504854369 0.03640776699029126
2 0.3446601941747573 0.5436893203883495 0.11650485436893204 0.04611650485436893
10 0.6140776699029126 0.6213592233009708 0.21359223300970873 0.13349514563106796
10 0.9587378640776699 0.7087378640776699 0.07281553398058252 0.25970873786407767
10 0.8519417475728155 0.5728155339805825 0.13349514563106796 0.07766990291262135
2 0.4441747572815534 0.5388349514563107 0.07766990291262135 0.03398058252427184
10 0.9684466019417476 0.5825242718446602 0.06310679611650485 0.09466019417475728
2 0.3179611650485437 0.5388349514563107 0.08495145631067962 0.03640776699029126
9 0.014563106796116505 0.529126213592233 0.02669902912621359 0.02912621359223301
2 0.5679611650485437 0.5145631067961165 0.04611650485436893 0.021844660194174758