9 0.6699029126213593 0.6092233009708737 0.22815533980582525 0.11893203883495146
9 0.9053398058252428 0.6286407766990292 0.18932038834951456 0.11165048543689321
9 0.7402912621359223 0.5800970873786407 0.10436893203883495 0.06796116504854369
9 0.5266990291262136 0.5655339805825242 0.09951456310679611 0.055825242718446605
13 0.6262135922330098 0.5339805825242718 0.10679611650485436 0.06310679611650485
9 0.4733009708737864 0.5436893203883495 0.055825242718446605 0.04611650485436893
9 0.5412621359223301 0.5388349514563107 0.06310679611650485 0.03640776699029126
9 0.441747572815534 0.5315533980582524 0.03155339805825243 0.03640776699029126
10 0.2354368932038835 0.5412621359223301 0.06796116504854369 0.043689320388349516
10 0.2815533980582524 0.5194174757281553 0.02912621359223301 0.021844660194174758
14 0.28640776699029125 0.5121359223300971 0.021844660194174758 0.021844660194174758
9 0.02912621359223301 0.5072815533980582 0.055825242718446605 0.02669902912621359
9 0.15048543689320387 0.5048543689320388 0.03398058252427184 0.021844660194174758