4 0.4684466019417476 0.5194174757281553 0.10194174757281553 0.0412621359223301
2 0.6067961165048543 0.5364077669902912 0.08495145631067962 0.03155339805825243
2 0.7548543689320388 0.5266990291262136 0.06796116504854369 0.024271844660194174
3 0.9635922330097088 0.5048543689320388 0.07281553398058252 0.06796116504854369
2 0.9902912621359223 0.5266990291262136 0.01699029126213592 0.038834951456310676
2 0.4029126213592233 0.5388349514563107 0.0970873786407767 0.02912621359223301
4 0.30097087378640774 0.5266990291262136 0.03640776699029126 0.02912621359223301
2 0.3325242718446602 0.5364077669902912 0.03640776699029126 0.02912621359223301
2 0.13592233009708737 0.5339805825242718 0.04611650485436893 0.03640776699029126
2 0.15776699029126215 0.529126213592233 0.043689320388349516 0.02669902912621359
2 0.8009708737864077 0.529126213592233 0.02669902912621359 0.03398058252427184