10 0.2087378640776699 0.8131067961165048 0.4174757281553398 0.36893203883495146
10 0.5461165048543689 0.558252427184466 0.07281553398058252 0.06310679611650485
9 0.050970873786407765 0.5558252427184466 0.10194174757281553 0.06067961165048544
9 0.16019417475728157 0.6092233009708737 0.24757281553398058 0.11650485436893204
9 0.11893203883495146 0.5364077669902912 0.10194174757281553 0.03640776699029126
10 0.4563106796116505 0.616504854368932 0.17475728155339806 0.12864077669902912
9 0.41262135922330095 0.5509708737864077 0.06067961165048544 0.04611650485436893
10 0.5752427184466019 0.5461165048543689 0.038834951456310676 0.04611650485436893
14 0.5995145631067961 0.5266990291262136 0.03640776699029126 0.03640776699029126
10 0.5898058252427184 0.5339805825242718 0.03155339805825243 0.03155339805825243
2 0.6504854368932039 0.5194174757281553 0.04611650485436893 0.019417475728155338
9 0.06310679611650485 0.6359223300970874 0.1262135922330097 0.11650485436893204
9 0.019417475728155338 0.5655339805825242 0.038834951456310676 0.06553398058252427
9 0.25728155339805825 0.5800970873786407 0.16990291262135923 0.08009708737864078
9 0.3567961165048544 0.5655339805825242 0.09466019417475728 0.05825242718446602
2 0.22815533980582525 0.5412621359223301 0.08737864077669903 0.03155339805825243
2 0.3470873786407767 0.5315533980582524 0.06310679611650485 0.02912621359223301
13 0.42961165048543687 0.5364077669902912 0.11893203883495146 0.043689320388349516
9 0.49514563106796117 0.5388349514563107 0.03640776699029126 0.038834951456310676
9 0.2936893203883495 0.529126213592233 0.055825242718446605 0.024271844660194174