10 0.8228155339805825 0.8786407766990292 0.3470873786407767 0.2354368932038835
10 0.49271844660194175 0.6674757281553398 0.2354368932038835 0.1529126213592233
10 0.09466019417475728 0.6480582524271845 0.18689320388349515 0.12378640776699029
10 0.36650485436893204 0.5728155339805825 0.04854368932038835 0.043689320388349516
10 0.3300970873786408 0.5485436893203883 0.02669902912621359 0.02669902912621359
14 0.32281553398058255 0.5315533980582524 0.03155339805825243 0.03398058252427184
10 0.03155339805825243 0.779126213592233 0.06067961165048544 0.16019417475728157
10 0.2111650485436893 0.5679611650485437 0.0412621359223301 0.03398058252427184
10 0.41019417475728154 0.5970873786407767 0.07524271844660194 0.07766990291262135
10 0.17718446601941748 0.5849514563106796 0.08495145631067962 0.050970873786407765
10 0.3470873786407767 0.558252427184466 0.038834951456310676 0.03155339805825243