2 0.4975728155339806 0.558252427184466 0.05339805825242718 0.050970873786407765
4 0.6019417475728155 0.5315533980582524 0.04854368932038835 0.038834951456310676
2 0.6868932038834952 0.558252427184466 0.10194174757281553 0.05825242718446602
2 0.9344660194174758 0.6116504854368932 0.1262135922330097 0.13349514563106796
7 0.8106796116504854 0.5558252427184466 0.03155339805825243 0.03155339805825243
14 0.41262135922330095 0.5533980582524272 0.05339805825242718 0.04611650485436893
12 0.33495145631067963 0.5825242718446602 0.1650485436893204 0.11407766990291263
14 0.4368932038834951 0.5412621359223301 0.0412621359223301 0.038834951456310676
10 0.4587378640776699 0.5339805825242718 0.02669902912621359 0.02912621359223301
10 0.47815533980582525 0.5266990291262136 0.019417475728155338 0.021844660194174758
2 0.5218446601941747 0.5194174757281553 0.019417475728155338 0.019417475728155338
2 0.9393203883495146 0.7257281553398058 0.11893203883495146 0.18689320388349515
12 0.6383495145631068 0.5145631067961165 0.05339805825242718 0.050970873786407765
4 0.5728155339805825 0.5218446601941747 0.024271844660194174 0.02912621359223301