10 0.7378640776699029 0.6699029126213593 0.26941747572815533 0.1820388349514563
10 0.279126213592233 0.5485436893203883 0.05339805825242718 0.04611650485436893
10 0.038834951456310676 0.8422330097087378 0.07524271844660194 0.3058252427184466
10 0.4878640776699029 0.5533980582524272 0.07766990291262135 0.055825242718446605
14 0.11650485436893204 0.6553398058252428 0.23300970873786409 0.22815533980582525
10 0.4199029126213592 0.5218446601941747 0.02669902912621359 0.024271844660194174
10 0.558252427184466 0.5970873786407767 0.11650485436893204 0.08009708737864078
0 0.2621359223300971 0.5849514563106796 0.03398058252427184 0.08980582524271845
10 0.24029126213592233 0.587378640776699 0.03398058252427184 0.0703883495145631
10 0.30097087378640774 0.5412621359223301 0.02669902912621359 0.03640776699029126
10 0.42475728155339804 0.5315533980582524 0.021844660194174758 0.021844660194174758
10 0.4393203883495146 0.5388349514563107 0.02912621359223301 0.02912621359223301
10 0.4563106796116505 0.5461165048543689 0.024271844660194174 0.03640776699029126