10 0.5339805825242718 0.6990291262135923 0.3058252427184466 0.21844660194174756
10 0.13592233009708737 0.8543689320388349 0.27184466019417475 0.28398058252427183
2 0.8567961165048543 0.5728155339805825 0.10679611650485436 0.06310679611650485
10 0.8398058252427184 0.5218446601941747 0.02912621359223301 0.024271844660194174
10 0.7815533980582524 0.5533980582524272 0.06553398058252427 0.0412621359223301
10 0.9781553398058253 0.5898058252427184 0.03640776699029126 0.07766990291262135
10 0.9150485436893204 0.5121359223300971 0.02912621359223301 0.01699029126213592
9 0.47815533980582525 0.5533980582524272 0.17475728155339806 0.08009708737864078
10 0.9733009708737864 0.5631067961165048 0.05339805825242718 0.055825242718446605
10 0.9563106796116505 0.5461165048543689 0.043689320388349516 0.038834951456310676
10 0.9344660194174758 0.5339805825242718 0.02669902912621359 0.03398058252427184
4 0.883495145631068 0.5121359223300971 0.021844660194174758 0.014563106796116505