14 0.3859223300970874 0.5242718446601942 0.07766990291262135 0.05339805825242718
2 0.5703883495145631 0.5752427184466019 0.10194174757281553 0.10436893203883495
2 0.1262135922330097 0.8349514563106796 0.25 0.3179611650485437
2 0.5194174757281553 0.5266990291262136 0.043689320388349516 0.03155339805825243
2 0.46359223300970875 0.5558252427184466 0.07524271844660194 0.06796116504854369
10 0.21359223300970873 0.5533980582524272 0.14320388349514562 0.09466019417475728
14 0.6432038834951457 0.5218446601941747 0.0412621359223301 0.05339805825242718
10 0.662621359223301 0.5364077669902912 0.04611650485436893 0.050970873786407765
2 0.5606796116504854 0.912621359223301 0.4563106796116505 0.17475728155339806
3 0.5509708737864077 0.5097087378640777 0.02669902912621359 0.038834951456310676
7 0.10679611650485436 0.5728155339805825 0.04854368932038835 0.05339805825242718